version = 'MMult_1x4_5';
MY_MMult = [
40 2.098361e+00 0.000000e+00 
80 1.822064e+00 0.000000e+00 
120 1.972603e+00 0.000000e+00 
160 2.401642e+00 0.000000e+00 
200 2.209029e+00 0.000000e+00 
240 2.185785e+00 0.000000e+00 
280 2.240457e+00 0.000000e+00 
320 2.439366e+00 0.000000e+00 
360 2.280129e+00 0.000000e+00 
400 2.229227e+00 0.000000e+00 
440 1.981807e+00 0.000000e+00 
480 1.933258e+00 0.000000e+00 
520 2.026694e+00 0.000000e+00 
560 2.017786e+00 0.000000e+00 
600 1.988941e+00 0.000000e+00 
640 1.610731e+00 0.000000e+00 
680 1.873777e+00 0.000000e+00 
720 1.665750e+00 0.000000e+00 
760 1.947322e+00 0.000000e+00 
800 1.949147e+00 0.000000e+00 
];
