version = 'MMult_1x4_9';
MY_MMult = [
40 7.529412e+00 2.664535e-15 
80 5.785311e+00 9.769963e-15 
120 6.116814e+00 1.065814e-14 
160 4.821660e+00 1.065814e-14 
200 5.797101e+00 1.421085e-14 
240 6.175564e+00 1.776357e-14 
280 5.715178e+00 1.776357e-14 
320 5.655018e+00 3.019807e-14 
360 5.470919e+00 2.486900e-14 
400 6.058025e+00 3.907985e-14 
440 6.138060e+00 3.197442e-14 
480 5.173290e+00 2.842171e-14 
520 5.263950e+00 4.263256e-14 
560 5.644004e+00 4.618528e-14 
600 4.547656e+00 3.907985e-14 
640 4.430278e+00 4.618528e-14 
680 2.806840e+00 4.973799e-14 
720 3.557216e+00 4.973799e-14 
760 3.846938e+00 7.105427e-14 
800 4.030687e+00 4.973799e-14 
];
