version = 'MMult_4x4_11';
MY_MMult = [
40 7.529412e+00 2.664535e-15 
80 8.904348e+00 9.769963e-15 
120 1.004651e+01 1.065814e-14 
160 1.228186e+01 1.421085e-14 
200 9.552239e+00 1.776357e-14 
240 1.161193e+01 2.309264e-14 
280 1.063308e+01 3.907985e-14 
320 9.852075e+00 3.907985e-14 
360 1.070460e+01 4.618528e-14 
400 1.088158e+01 4.796163e-14 
440 9.410517e+00 5.151435e-14 
480 1.157789e+01 7.815970e-14 
520 1.152714e+01 7.815970e-14 
560 1.150260e+01 8.171241e-14 
600 1.128202e+01 7.815970e-14 
640 1.109886e+01 9.947598e-14 
680 1.120790e+01 8.526513e-14 
720 1.181389e+01 8.171241e-14 
760 1.163313e+01 9.237056e-14 
800 1.131792e+01 9.947598e-14 
];
