version = 'MMult_1x4_7';
MY_MMult = [
40 7.111111e+00 2.664535e-15 
80 5.720670e+00 9.769963e-15 
120 5.619512e+00 1.065814e-14 
160 6.248665e+00 1.065814e-14 
200 6.584362e+00 1.421085e-14 
240 6.308008e+00 1.776357e-14 
280 5.232273e+00 1.776357e-14 
320 6.026299e+00 3.019807e-14 
360 5.625950e+00 2.486900e-14 
400 5.573942e+00 3.907985e-14 
440 6.018582e+00 3.197442e-14 
480 5.371021e+00 2.842171e-14 
520 6.009146e+00 4.263256e-14 
560 5.797151e+00 4.618528e-14 
600 5.723977e+00 3.907985e-14 
640 5.730425e+00 4.618528e-14 
680 5.985134e+00 4.973799e-14 
720 5.387646e+00 4.973799e-14 
760 5.095189e+00 7.105427e-14 
800 4.875703e+00 4.973799e-14 
];
