version = 'MMult_1x4_6';
MY_MMult = [
40 3.368421e+00 2.664535e-15 
80 3.141104e+00 9.769963e-15 
120 4.314607e+00 1.065814e-14 
160 5.375328e+00 1.065814e-14 
200 6.037736e+00 1.421085e-14 
240 5.697095e+00 1.776357e-14 
280 5.527383e+00 1.776357e-14 
320 5.670676e+00 3.019807e-14 
360 5.641937e+00 2.486900e-14 
400 5.433398e+00 3.907985e-14 
440 5.376081e+00 3.197442e-14 
480 5.717565e+00 2.842171e-14 
520 5.379550e+00 4.263256e-14 
560 5.674184e+00 4.618528e-14 
600 5.140593e+00 3.907985e-14 
640 5.408711e+00 4.618528e-14 
680 5.179160e+00 4.973799e-14 
720 4.574286e+00 4.973799e-14 
760 4.692948e+00 7.105427e-14 
800 3.895936e+00 4.973799e-14 
];
