version = 'MMult_4x4_6';
MY_MMult = [
40 1.066667e+01 2.664535e-15 
80 9.142857e+00 9.769963e-15 
120 8.388350e+00 1.065814e-14 
160 8.489119e+00 1.065814e-14 
200 8.908686e+00 1.421085e-14 
240 7.801354e+00 1.776357e-14 
280 9.474320e+00 1.776357e-14 
320 8.962801e+00 3.019807e-14 
360 9.273703e+00 2.486900e-14 
400 9.500482e+00 3.907985e-14 
440 9.598197e+00 3.197442e-14 
480 8.760803e+00 2.842171e-14 
520 8.295457e+00 4.263256e-14 
560 8.385227e+00 4.618528e-14 
600 7.565012e+00 3.907985e-14 
640 7.229465e+00 4.618528e-14 
680 5.060384e+00 4.973799e-14 
720 5.155146e+00 4.973799e-14 
760 5.135694e+00 7.105427e-14 
800 4.511371e+00 4.973799e-14 
];
