version = 'MMult_4x4_7';
MY_MMult = [
40 4.740741e+00 2.664535e-15 
80 5.417989e+00 9.769963e-15 
120 6.095238e+00 1.065814e-14 
160 7.578168e+00 1.065814e-14 
200 8.973640e+00 1.421085e-14 
240 9.340541e+00 1.776357e-14 
280 9.213851e+00 1.776357e-14 
320 9.462316e+00 3.019807e-14 
360 9.318155e+00 2.486900e-14 
400 9.336251e+00 3.907985e-14 
440 9.490725e+00 3.197442e-14 
480 7.667487e+00 2.842171e-14 
520 7.437806e+00 4.263256e-14 
560 8.766773e+00 4.618528e-14 
600 7.691486e+00 3.907985e-14 
640 7.877988e+00 4.618528e-14 
680 7.125453e+00 4.973799e-14 
720 6.846828e+00 4.973799e-14 
760 6.437873e+00 7.105427e-14 
800 6.754439e+00 4.973799e-14 
];
