version = 'MMult_4x4_4';
MY_MMult = [
40 7.950311e-01 0.000000e+00 
80 1.097535e+00 0.000000e+00 
120 1.206704e+00 0.000000e+00 
160 1.787866e+00 0.000000e+00 
200 1.501079e+00 0.000000e+00 
240 1.528865e+00 0.000000e+00 
280 1.517175e+00 0.000000e+00 
320 1.483453e+00 0.000000e+00 
360 1.421139e+00 0.000000e+00 
400 1.553492e+00 0.000000e+00 
440 1.640394e+00 0.000000e+00 
480 1.615366e+00 0.000000e+00 
520 1.612264e+00 0.000000e+00 
560 1.561531e+00 0.000000e+00 
600 1.610624e+00 0.000000e+00 
640 1.563224e+00 0.000000e+00 
680 1.543713e+00 0.000000e+00 
720 1.509628e+00 0.000000e+00 
760 1.536867e+00 0.000000e+00 
800 1.522645e+00 0.000000e+00 
];
