version = 'MMult_1x4_3';
MY_MMult = [
40 2.000000e+00 0.000000e+00 
80 1.643660e+00 0.000000e+00 
120 1.767775e+00 0.000000e+00 
160 1.583301e+00 0.000000e+00 
200 1.598082e+00 0.000000e+00 
240 1.630189e+00 0.000000e+00 
280 1.579167e+00 0.000000e+00 
320 1.491556e+00 0.000000e+00 
360 1.420966e+00 0.000000e+00 
400 1.267327e+00 0.000000e+00 
440 1.312087e+00 0.000000e+00 
480 1.348395e+00 0.000000e+00 
520 1.387625e+00 0.000000e+00 
560 1.341773e+00 0.000000e+00 
600 1.356925e+00 0.000000e+00 
640 1.383448e+00 0.000000e+00 
680 1.353388e+00 0.000000e+00 
720 1.342025e+00 0.000000e+00 
760 1.292609e+00 0.000000e+00 
800 1.273416e+00 0.000000e+00 
];
