version = 'MMult2';
MY_MMult = [
40 2.327273e+00 0.000000e+00 
80 1.723906e+00 0.000000e+00 
120 1.695780e+00 0.000000e+00 
160 1.730826e+00 0.000000e+00 
200 1.712512e+00 0.000000e+00 
240 1.647970e+00 0.000000e+00 
280 1.619655e+00 0.000000e+00 
320 1.626647e+00 0.000000e+00 
360 1.546360e+00 0.000000e+00 
400 1.587518e+00 0.000000e+00 
440 1.458518e+00 0.000000e+00 
480 1.372016e+00 0.000000e+00 
520 1.469220e+00 0.000000e+00 
560 1.481410e+00 0.000000e+00 
600 1.443459e+00 0.000000e+00 
640 1.349835e+00 0.000000e+00 
680 1.303967e+00 0.000000e+00 
720 1.438698e+00 0.000000e+00 
760 1.377819e+00 0.000000e+00 
800 1.350868e+00 0.000000e+00 
];
