version = 'MMult_1x4_8';
MY_MMult = [
40 3.368421e+00 2.664535e-15 
80 3.543253e+00 9.769963e-15 
120 4.056338e+00 1.065814e-14 
160 5.634113e+00 1.065814e-14 
200 6.286837e+00 1.421085e-14 
240 5.855146e+00 1.776357e-14 
280 5.266163e+00 1.776357e-14 
320 4.929743e+00 3.019807e-14 
360 5.412215e+00 2.486900e-14 
400 5.912786e+00 3.907985e-14 
440 6.035212e+00 3.197442e-14 
480 3.039202e+00 2.842171e-14 
520 5.534767e+00 4.263256e-14 
560 5.545185e+00 4.618528e-14 
600 5.105779e+00 3.907985e-14 
640 5.122201e+00 4.618528e-14 
680 4.725139e+00 4.973799e-14 
720 4.505214e+00 4.973799e-14 
760 4.251522e+00 7.105427e-14 
800 4.538062e+00 4.973799e-14 
];
