version = 'MMult1';
MY_MMult = [
40 2.415094e+00 0.000000e+00 
80 1.910448e+00 0.000000e+00 
120 1.715988e+00 0.000000e+00 
160 1.708090e+00 0.000000e+00 
200 1.592198e+00 0.000000e+00 
240 1.654875e+00 0.000000e+00 
280 1.442455e+00 0.000000e+00 
320 1.569687e+00 0.000000e+00 
360 1.626636e+00 0.000000e+00 
400 1.422080e+00 0.000000e+00 
440 1.317445e+00 0.000000e+00 
480 1.376130e+00 0.000000e+00 
520 1.341526e+00 0.000000e+00 
560 1.371095e+00 0.000000e+00 
600 1.422662e+00 0.000000e+00 
640 1.344476e+00 0.000000e+00 
680 1.320214e+00 0.000000e+00 
720 1.344280e+00 0.000000e+00 
760 1.344142e+00 0.000000e+00 
800 1.296345e+00 0.000000e+00 
];
