version = 'MMult_4x4_8';
MY_MMult = [
40 4.571429e+00 2.664535e-15 
80 4.530973e+00 9.769963e-15 
120 5.358140e+00 1.065814e-14 
160 7.854267e+00 1.065814e-14 
200 7.550731e+00 1.421085e-14 
240 9.576723e+00 1.776357e-14 
280 9.546423e+00 1.776357e-14 
320 9.481481e+00 3.019807e-14 
360 9.677660e+00 2.486900e-14 
400 9.167741e+00 3.907985e-14 
440 9.022773e+00 3.197442e-14 
480 9.081294e+00 2.842171e-14 
520 7.747638e+00 4.263256e-14 
560 8.091785e+00 4.618528e-14 
600 8.497748e+00 3.907985e-14 
640 7.859447e+00 4.618528e-14 
680 6.933069e+00 4.973799e-14 
720 6.688313e+00 4.973799e-14 
760 6.062995e+00 7.105427e-14 
800 6.238273e+00 4.973799e-14 
];
