version = 'MMult_4x4_9';
MY_MMult = [
40 9.846154e+00 2.664535e-15 
80 9.941748e+00 9.769963e-15 
120 9.290323e+00 1.065814e-14 
160 9.626322e+00 1.065814e-14 
200 8.810573e+00 1.421085e-14 
240 8.782719e+00 1.776357e-14 
280 9.674747e+00 1.776357e-14 
320 9.181283e+00 3.019807e-14 
360 9.562615e+00 2.486900e-14 
400 9.712421e+00 3.907985e-14 
440 9.250584e+00 3.197442e-14 
480 9.133419e+00 2.842171e-14 
520 8.026716e+00 4.263256e-14 
560 8.224611e+00 4.618528e-14 
600 6.430677e+00 3.907985e-14 
640 7.795524e+00 4.618528e-14 
680 5.813932e+00 4.973799e-14 
720 7.256552e+00 4.973799e-14 
760 6.137636e+00 7.105427e-14 
800 6.088533e+00 4.973799e-14 
];
