version = 'MMult_4x4_14';
MY_MMult = [
40 7.111111e+00 2.664535e-15 
80 8.393443e+00 9.769963e-15 
120 7.416309e+00 1.065814e-14 
160 1.090812e+01 1.421085e-14 
200 8.903728e+00 1.776357e-14 
240 1.071213e+01 2.309264e-14 
280 1.172650e+01 3.907985e-14 
320 9.784413e+00 3.907985e-14 
360 1.107955e+01 4.618528e-14 
400 1.093363e+01 4.796163e-14 
440 1.016758e+01 5.151435e-14 
480 1.032605e+01 7.815970e-14 
520 1.002124e+01 7.815970e-14 
560 9.390979e+00 8.171241e-14 
600 1.107664e+01 7.815970e-14 
640 9.248170e+00 9.947598e-14 
680 1.025143e+01 8.526513e-14 
720 1.117325e+01 8.171241e-14 
760 1.140998e+01 9.237056e-14 
800 1.084999e+01 9.947598e-14 
];
