version = 'MMult_4x4_5';
MY_MMult = [
40 1.910448e+00 0.000000e+00 
80 2.000000e+00 0.000000e+00 
120 2.218228e+00 0.000000e+00 
160 2.903935e+00 0.000000e+00 
200 2.633745e+00 0.000000e+00 
240 2.684272e+00 0.000000e+00 
280 2.766129e+00 0.000000e+00 
320 2.777067e+00 0.000000e+00 
360 2.723404e+00 0.000000e+00 
400 2.679394e+00 0.000000e+00 
440 2.277525e+00 0.000000e+00 
480 2.546208e+00 0.000000e+00 
520 2.659982e+00 0.000000e+00 
560 2.552669e+00 0.000000e+00 
600 2.664364e+00 0.000000e+00 
640 2.702279e+00 0.000000e+00 
680 2.612201e+00 0.000000e+00 
720 2.628961e+00 0.000000e+00 
760 2.609698e+00 0.000000e+00 
800 2.553317e+00 0.000000e+00 
];
