version = 'MMult_4x4_10';
MY_MMult = [
40 9.846154e+00 2.664535e-15 
80 7.757576e+00 9.769963e-15 
120 1.187629e+01 1.065814e-14 
160 1.034343e+01 1.065814e-14 
200 1.206637e+01 1.421085e-14 
240 1.062159e+01 1.776357e-14 
280 1.158723e+01 1.776357e-14 
320 1.224057e+01 3.019807e-14 
360 1.094056e+01 2.486900e-14 
400 1.046863e+01 3.907985e-14 
440 1.141647e+01 3.197442e-14 
480 1.148471e+01 2.842171e-14 
520 1.120382e+01 4.263256e-14 
560 1.174296e+01 4.618528e-14 
600 1.155327e+01 3.907985e-14 
640 1.060367e+01 4.618528e-14 
680 9.040208e+00 4.973799e-14 
720 1.069050e+01 4.973799e-14 
760 8.951660e+00 7.105427e-14 
800 9.137146e+00 4.973799e-14 
];
