version = 'MMult_4x4_3';
MY_MMult = [
40 2.415094e+00 0.000000e+00 
80 1.921201e+00 0.000000e+00 
120 1.594832e+00 0.000000e+00 
160 1.602190e+00 0.000000e+00 
200 1.493373e+00 0.000000e+00 
240 1.466660e+00 0.000000e+00 
280 1.494096e+00 0.000000e+00 
320 1.569800e+00 0.000000e+00 
360 1.550703e+00 0.000000e+00 
400 1.347879e+00 0.000000e+00 
440 1.502549e+00 0.000000e+00 
480 1.438202e+00 0.000000e+00 
520 1.473330e+00 0.000000e+00 
560 1.575081e+00 0.000000e+00 
600 1.407730e+00 0.000000e+00 
640 1.458195e+00 0.000000e+00 
680 1.526914e+00 0.000000e+00 
720 1.432797e+00 0.000000e+00 
760 1.464965e+00 0.000000e+00 
800 1.265027e+00 0.000000e+00 
];
