version = 'MMult0';
MY_MMult = [
40 1.684211e+00 0.000000e+00 
80 1.440225e+00 0.000000e+00 
120 1.578082e+00 0.000000e+00 
160 1.473646e+00 0.000000e+00 
200 1.569397e+00 0.000000e+00 
240 1.602132e+00 0.000000e+00 
280 1.621809e+00 0.000000e+00 
320 1.384134e+00 0.000000e+00 
360 1.472588e+00 0.000000e+00 
400 1.417434e+00 0.000000e+00 
440 1.425626e+00 0.000000e+00 
480 1.399075e+00 0.000000e+00 
520 1.410842e+00 0.000000e+00 
560 1.437884e+00 0.000000e+00 
600 1.251126e+00 0.000000e+00 
640 1.331272e+00 0.000000e+00 
680 1.261634e+00 0.000000e+00 
720 1.210345e+00 0.000000e+00 
760 1.158552e+00 0.000000e+00 
800 1.245483e+00 0.000000e+00 
];
