version = 'MMult_4x4_15';
MY_MMult = [
40 4.923077e+00 2.664535e-15 
80 6.440252e+00 9.769963e-15 
120 5.015965e+00 1.065814e-14 
160 8.454076e+00 1.421085e-14 
200 1.165331e+01 1.776357e-14 
240 9.570093e+00 2.309264e-14 
280 1.019837e+01 3.907985e-14 
320 1.049752e+01 3.907985e-14 
360 1.046685e+01 4.618528e-14 
400 1.078440e+01 4.796163e-14 
440 1.073252e+01 5.151435e-14 
480 1.117881e+01 7.815970e-14 
520 1.109421e+01 7.815970e-14 
560 8.068734e+00 8.171241e-14 
600 9.461028e+00 7.815970e-14 
640 1.000225e+01 9.947598e-14 
680 1.115343e+01 8.526513e-14 
720 1.177271e+01 8.171241e-14 
760 1.042773e+01 9.237056e-14 
800 1.103211e+01 9.947598e-14 
];
