version = 'MMult_1x4_4';
MY_MMult = [
40 1.306122e+00 0.000000e+00 
80 1.223417e+00 0.000000e+00 
120 1.339016e+00 0.000000e+00 
160 1.620253e+00 0.000000e+00 
200 1.713796e+00 0.000000e+00 
240 1.636267e+00 0.000000e+00 
280 1.601576e+00 0.000000e+00 
320 1.614943e+00 0.000000e+00 
360 1.594069e+00 0.000000e+00 
400 1.601642e+00 0.000000e+00 
440 1.583007e+00 0.000000e+00 
480 1.570864e+00 0.000000e+00 
520 1.560551e+00 0.000000e+00 
560 1.542792e+00 0.000000e+00 
600 1.565280e+00 0.000000e+00 
640 1.507116e+00 0.000000e+00 
680 1.492236e+00 0.000000e+00 
720 1.510438e+00 0.000000e+00 
760 1.500506e+00 0.000000e+00 
800 1.399192e+00 0.000000e+00 
];
