version = 'MMult_4x4_13';
MY_MMult = [
40 7.111111e+00 2.664535e-15 
80 6.522293e+00 9.769963e-15 
120 8.793893e+00 1.065814e-14 
160 7.984405e+00 1.421085e-14 
200 1.183432e+01 1.776357e-14 
240 1.098014e+01 2.309264e-14 
280 1.207481e+01 3.907985e-14 
320 1.128763e+01 3.907985e-14 
360 1.080751e+01 4.618528e-14 
400 1.231598e+01 4.796163e-14 
440 1.130211e+01 5.151435e-14 
480 1.114109e+01 7.815970e-14 
520 1.092568e+01 7.815970e-14 
560 1.109072e+01 8.171241e-14 
600 1.187433e+01 7.815970e-14 
640 1.098561e+01 9.947598e-14 
680 1.107330e+01 8.526513e-14 
720 1.155817e+01 8.171241e-14 
760 1.141843e+01 9.237056e-14 
800 1.148690e+01 9.947598e-14 
];
