version = 'MMult_4x4_12';
MY_MMult = [
40 5.120000e+00 2.664535e-15 
80 6.059172e+00 9.769963e-15 
120 6.484053e+00 1.065814e-14 
160 7.460838e+00 1.421085e-14 
200 7.149240e+00 1.776357e-14 
240 7.270050e+00 2.309264e-14 
280 6.796285e+00 3.907985e-14 
320 6.903613e+00 3.907985e-14 
360 6.882431e+00 4.618528e-14 
400 7.077297e+00 4.796163e-14 
440 7.373323e+00 5.151435e-14 
480 7.044749e+00 7.815970e-14 
520 7.076575e+00 7.815970e-14 
560 7.105788e+00 8.171241e-14 
600 6.810443e+00 7.815970e-14 
640 6.665836e+00 9.947598e-14 
680 6.738286e+00 8.526513e-14 
720 6.711102e+00 8.171241e-14 
760 6.964336e+00 9.237056e-14 
800 6.792208e+00 9.947598e-14 
];
